Step	Training Loss	    Validation Loss	    Accuracy	F1 Score	Mse	        Mae	        Mae^m
100	1.653700	1.543556	0.395095	0.117598	1.871935	0.950954	1.869694
200	1.444000	1.358606	0.414169	0.259051	1.166213	0.762943	1.062277
300	1.412900	1.410305	0.335150	0.188593	1.185286	0.825613	1.225927
400	1.408900	1.520415	0.318801	0.170768	1.242507	0.855586	1.124464
500	1.362400	1.443039	0.392371	0.194666	1.250681	0.798365	1.170076
600	1.279300	1.464648	0.405995	0.366613	1.367847	0.817439	0.889410
700	1.096400	1.523908	0.444142	0.297780	1.108992	0.727520	0.977572
800	1.136200	1.678566	0.449591	0.336640	1.256131	0.754768	0.875592
900	0.919100	1.573239	0.444142	0.310611	1.084469	0.713896	0.896301
1000	0.694900	1.824896	0.446866	0.253773	1.100817	0.713896	1.073570
1100	0.827200	1.822463	0.455041	0.311489	1.059946	0.694823	1.045530
1200	0.724200	2.168830	0.395095	0.259291	1.059946	0.749319	1.067310
1300	0.738500	2.331605	0.411444	0.289353	1.223433	0.771117	1.054673
1400	0.621400	2.231269	0.476839	0.263157	0.945504	0.656676	1.014315
1500	0.399600	2.369637	0.471390	0.297946	1.076294	0.694823	1.052192
1600	0.467000	2.408183	0.400545	0.290201	1.114441	0.749319	0.874325
1700	0.355900	2.974727	0.463215	0.315431	1.128065	0.708447	1.149554
1800	0.532100	2.834368	0.457766	0.320133	0.997275	0.681199	0.961565
1900	0.307800	3.038367	0.425068	0.304990	1.098093	0.732970	1.060914
2000	0.216000	3.137408	0.457766	0.299961	0.956403	0.667575	0.960965
2100	0.324100	3.660511	0.414169	0.253020	1.024523	0.719346	1.134787
2200	0.264200	3.475933	0.427793	0.307650	1.035422	0.713896	0.951871
2300	0.169200	3.920430	0.422343	0.250608	1.076294	0.727520	1.100756
2400	0.172900	3.880411	0.457766	0.317116	1.054496	0.694823	1.029109
2500	0.263600	4.174581	0.452316	0.304278	1.084469	0.708447	0.946301
2600	0.152300	4.158289	0.416894	0.291946	1.114441	0.738420	0.945220
2700	0.101000	4.257380	0.449591	0.264980	0.983651	0.683924	1.089503
2800	0.159300	4.364946	0.438692	0.271592	1.125341	0.727520	1.129728
2900	0.070700	4.697176	0.405995	0.292980	1.190736	0.765668	1.068975
3000	0.164700	4.909563	0.435967	0.257596	1.051771	0.713896	1.040225
3100	0.200000	4.942572	0.414169	0.275497	1.040872	0.724796	1.077518
3200	0.038100	4.715618	0.444142	0.270589	1.013624	0.697548	0.982335
3300	0.123600	5.173557	0.430518	0.266604	1.013624	0.708447	0.944163
3400	0.041500	5.255847	0.430518	0.262527	1.068120	0.724796	0.999653
3500	0.030700	5.428744	0.392371	0.248226	1.163488	0.771117	1.087650
3600	0.007900	5.350305	0.416894	0.250534	1.103542	0.743869	1.053466
3700	0.058800	5.414552	0.405995	0.274035	1.117166	0.752044	0.944164
3800	0.111900	5.509813	0.427793	0.284188	1.089918	0.724796	1.010937
3900	0.013500	6.030582	0.419619	0.263422	1.038147	0.722071	1.075554
4000	0.045700	5.812668	0.446866	0.285406	1.032698	0.700272	1.102732
4100	0.101800	5.687850	0.446866	0.293949	1.111717	0.719346	1.058567
4200	0.008200	5.687394	0.433243	0.279454	1.108992	0.732970	1.077001
4300	0.030800	5.858006	0.430518	0.274260	1.089918	0.730245	1.083477
4400	0.008100	6.289009	0.433243	0.248681	1.059946	0.722071	1.172975
4500	0.018500	6.168158	0.444142	0.275824	1.046322	0.708447	1.090465
4600	0.016000	6.042428	0.441417	0.292986	1.095368	0.724796	1.114116
4700	0.015600	6.114515	0.441417	0.284703	1.092643	0.722071	1.131978
4800	0.003500	6.096050	0.444142	0.291150	1.103542	0.722071	1.120331

Evaluate:
              precision    recall  f1-score   support

       teens       0.25      0.09      0.13        22
    twenties       0.62      0.71      0.66       142
    thirties       0.37      0.53      0.43        85
    fourties       0.38      0.25      0.30        53
     fifties       0.36      0.30      0.33        43
     sixties       0.00      0.00      0.00        14
   seventies       0.00      0.00      0.00         9
    eighties       0.00      0.00      0.00         0

   micro avg       0.47      0.47      0.47       368
   macro avg       0.25      0.23      0.23       368
weighted avg       0.44      0.47      0.44       368

[[  2  13   6   0   1   0   0]
 [  4 101  33   2   2   0   0]
 [  1  33  45   4   2   0   0]
 [  1  10  19  13  10   0   0]
 [  0   6  13   9  13   2   0]
 [  0   1   4   4   5   0   0]
 [  0   0   2   2   3   2   0]]

{'eval_loss': 2.5537352561950684,
 'eval_accuracy': 0.47282608695652173,
 'eval_f1_score': 0.2651730228209301,
 'eval_MSE': 1.3505434782608696,
 'eval_MAE': 0.7527173913043478,
 'eval_MAE^M': 1.275874992200361,
 'eval_runtime': 31.3423,
 'eval_samples_per_second': 11.741,
 'eval_steps_per_second': 1.468,
 'epoch': 29.908256880733944}