
Epoch	Training Loss	Validation Loss	Accuracy	F1 Score	Mse	Mae	Mae^m
1	1.511400	1.420326	0.440233	0.341879	2.005831	0.927114	1.089611
2	0.783600	1.539208	0.498542	0.414999	1.702624	0.810496	0.819527
3	0.665200	1.153432	0.626822	0.568675	1.195335	0.588921	0.879514
4	3.300800	1.693829	0.615160	0.542255	1.218659	0.606414	0.651996
5	1.341400	1.999827	0.641399	0.606773	1.635569	0.632653	0.531038
6	0.010500	2.612179	0.641399	0.687364	1.218659	0.583090	0.504987
7	0.000100	3.239265	0.635569	0.571141	1.288630	0.583090	0.889595
8	0.000000	3.154996	0.635569	0.681122	1.816327	0.685131	0.580810
9	0.000000	2.973631	0.685131	0.731497	1.078717	0.507289	0.446083
10	0.000000	3.073634	0.688047	0.734281	1.096210	0.501458	0.436015


Evaluate:
 [172/172 00:58]
Classification Report:
              precision    recall  f1-score   support

       teens       0.65      0.58      0.61        52
    twenties       0.55      0.56      0.56        62
    thirties       0.50      0.53      0.52        43
    fourties       0.78      0.70      0.74        50
     fifties       0.65      0.68      0.67        41
     sixties       0.88      0.85      0.87        54
   seventies       0.84      0.97      0.90        38
    eighties       1.00      1.00      1.00         4

    accuracy                           0.69       344
   macro avg       0.73      0.74      0.73       344
weighted avg       0.69      0.69      0.69       344

Confusion Matrix:
[[30 13  5  1  1  0  2  0]
 [12 35  5  4  3  3  0  0]
 [ 3 12 23  2  1  0  2  0]
 [ 0  1  5 35  6  2  1  0]
 [ 1  3  7  1 28  1  0  0]
 [ 0  0  1  1  4 46  2  0]
 [ 0  0  0  1  0  0 37  0]
 [ 0  0  0  0  0  0  0  4]]
{'eval_loss': 3.1025567054748535,
 'eval_accuracy': 0.6918604651162791,
 'eval_f1_score': 0.7323158388401205,
 'eval_MSE': 1.2587209302325582,
 'eval_MAE': 0.5261627906976745,
 'eval_MAE^M': 0.4546587944329268,
 'eval_runtime': 59.041,
 'eval_samples_per_second': 5.826,
 'eval_steps_per_second': 2.913,
 'epoch': 10.0}